00010001
00010002
00010003
00010004
00020005
00020006
00020007
00020008
00030009
00030010
00030011
00030012
00040013
00040014
00040015
00040016
00050017
00050018
00050019
00050020
00060021
00060022
00060023
00060024
00070025
00070026
00070027
00070028
00080029
00080030
00080031
00080032
00090033
00090034
00090035
00090036
00100037
00100038
00100039
00100040
00110041
00110042
00110043
00110044
00120045
00120046
00120047
00120048
00130049
00130050
00130051
00130052
00140053
00140054
00140055
00140056
00150057
00150058
00150059
00150060
00160061
00160062
00160063
00160064
00170065
00170066
00170067
00170068
00180069
00180070
00180071
00180072
00190073
00190074
00190075
00190076
00200077
00200078
00200079
00200080
00210081
00210082
00210083
00210084
00220085
00220086
00220087
00220088
00220089
00220090
00220091
00230092
00230093
00230094
00230095
00240096
00240097
00240098
